dane dla Katowice
dlug=19.01738000
szer=50.25425000
korekta=0